0
Grid:
16,16
................
................
................
................
................
................
................
................
................
................
................
................
................
................
................
................
Agents:
25
0,0,2,4,6
1,14,2,13,13
2,11,11,15,2
3,13,7,13,9
4,10,2,7,2
5,7,0,13,14
6,4,13,0,7
7,1,15,1,12
8,2,4,10,11
9,6,12,15,4
10,9,11,14,9
11,5,10,11,15
12,5,8,5,8
13,14,9,6,0
14,2,7,9,8
15,13,15,2,6
16,11,6,8,6
17,8,3,4,2
18,12,14,14,7
19,10,5,10,5
20,1,12,4,7
21,6,11,4,0
22,15,1,7,7
23,14,10,4,1
24,12,12,9,4
