0
Grid:
16,16
................
................
................
................
................
................
................
................
................
................
................
................
................
................
................
................
Agents:
20
0,7,8,8,8
1,11,1,6,12
2,8,15,6,2
3,10,3,7,0
4,8,3,8,6
5,8,4,10,7
6,15,12,10,10
7,5,15,11,8
8,4,4,1,5
9,2,6,3,15
10,0,10,2,6
11,1,8,10,11
12,15,1,3,7
13,8,11,10,3
14,12,6,13,4
15,14,11,4,2
16,5,10,12,9
17,5,5,8,11
18,3,0,10,14
19,10,7,10,5
