2
Grid:
16,16
................
................
................
................
................
................
................
................
................
................
................
................
................
................
................
................
Agents:
20
0,10,4,8,6
1,10,3,12,1
2,10,0,14,11
3,11,5,0,9
4,2,0,10,4
5,1,11,1,10
6,7,0,5,14
7,15,8,14,3
8,15,6,8,11
9,11,2,8,2
10,3,14,5,2
11,1,8,14,1
12,9,13,14,8
13,14,8,0,0
14,7,6,4,7
15,1,6,3,6
16,8,13,0,4
17,12,7,0,8
18,8,9,3,0
19,12,12,11,15
