1
Grid:
16,16
................
................
................
................
................
................
................
................
................
................
................
................
................
................
................
................
Agents:
20
0,8,6,4,2
1,11,2,1,12
2,15,7,11,5
3,5,10,12,1
4,10,5,2,0
5,14,2,12,7
6,7,4,7,3
7,1,5,8,12
8,6,12,12,2
9,5,8,2,8
10,9,6,3,7
11,0,14,3,11
12,3,7,11,9
13,7,14,1,6
14,9,4,6,14
15,10,6,3,10
16,5,13,0,8
17,11,5,6,15
18,0,0,11,15
19,13,6,12,12
